{
  "labels": [
    "capability_score",
    "efficiency_score",
    "speed_score",
    "mmlu_score",
    "humaneval_score",
    "math_score",
    "parameter_size_b",
    "latency_ms",
    "effective_cost_per_1m",
    "tokens_per_second",
    "is_open_source"
  ],
  "values": [
    [
      1.0,
      0.77,
      -0.417,
      0.977,
      0.939,
      0.939,
      0.517,
      0.419,
      0.315,
      -0.386,
      -0.404
    ],
    [
      0.77,
      1.0,
      -0.18,
      0.726,
      0.79,
      0.76,
      0.198,
      0.209,
      0.225,
      -0.151,
      -0.347
    ],
    [
      -0.417,
      -0.18,
      1.0,
      -0.498,
      -0.247,
      -0.252,
      -0.418,
      -0.916,
      -0.38,
      0.976,
      -0.117
    ],
    [
      0.977,
      0.726,
      -0.498,
      1.0,
      0.877,
      0.896,
      0.526,
      0.477,
      0.306,
      -0.474,
      -0.289
    ],
    [
      0.939,
      0.79,
      -0.247,
      0.877,
      1.0,
      0.93,
      0.395,
      0.286,
      0.221,
      -0.208,
      -0.429
    ],
    [
      0.939,
      0.76,
      -0.252,
      0.896,
      0.93,
      1.0,
      0.445,
      0.278,
      0.123,
      -0.22,
      -0.285
    ],
    [
      0.517,
      0.198,
      -0.418,
      0.526,
      0.395,
      0.445,
      1.0,
      0.367,
      0.329,
      -0.416,
      -0.102
    ],
    [
      0.419,
      0.209,
      -0.916,
      0.477,
      0.286,
      0.278,
      0.367,
      1.0,
      0.381,
      -0.807,
      0.106
    ],
    [
      0.315,
      0.225,
      -0.38,
      0.306,
      0.221,
      0.123,
      0.329,
      0.381,
      1.0,
      -0.353,
      -0.416
    ],
    [
      -0.386,
      -0.151,
      0.976,
      -0.474,
      -0.208,
      -0.22,
      -0.416,
      -0.807,
      -0.353,
      1.0,
      -0.114
    ],
    [
      -0.404,
      -0.347,
      -0.117,
      -0.289,
      -0.429,
      -0.285,
      -0.102,
      0.106,
      -0.416,
      -0.114,
      1.0
    ]
  ]
}